Year   Jan  Feb  Mar  Apr  May  Jun  Jul  Aug  Sep  Oct  Nov  Dec    J-D D-N    DJF  MAM  JJA  SON  Year
1881   -19  -13    4    6    7  -18    1   -3  -15  -21  -18   -6     -8  -9    -16    5   -7  -18  1881
1882    17   14    5  -15  -13  -22  -16   -7  -14  -23  -16  -36    -11  -8      8   -8  -15  -18  1882
1883   -29  -36  -12  -18  -17   -7   -7  -13  -22  -11  -24  -11    -17 -19    -33  -16   -9  -19  1883
1884   -12   -8  -36  -40  -33  -34  -30  -27  -27  -24  -33  -30    -28 -26    -10  -36  -31  -28  1884
1885   -58  -33  -26  -41  -45  -43  -33  -31  -28  -23  -23  -10    -33 -35    -40  -37  -36  -25  1885
1886   -43  -50  -42  -28  -24  -34  -17  -30  -23  -27  -27  -25    -31 -30    -35  -31  -27  -26  1886
1887   -71  -56  -35  -34  -30  -24  -25  -35  -25  -35  -26  -32    -36 -35    -51  -33  -28  -29  1887
1888   -33  -35  -41  -20  -21  -17  -10  -15  -11    2    3   -3    -17 -19    -34  -27  -14   -2  1888
1889    -8   17    7   10    0  -10   -7  -20  -23  -25  -33  -28    -10  -8      2    5  -12  -27  1889
1890   -41  -44  -40  -29  -39  -24  -27  -39  -36  -24  -43  -31    -35 -35    -38  -36  -30  -34  1890
1891   -33  -47  -18  -27  -16  -20  -17  -17  -15  -21  -31   -4    -22 -24    -37  -20  -18  -22  1891
1892   -29  -11  -40  -33  -23  -22  -31  -27  -16  -13  -41  -37    -27 -24    -15  -32  -27  -24  1892
1893   -81  -56  -22  -27  -33  -25  -14  -25  -22  -18  -18  -31    -31 -31    -58  -27  -21  -19  1893
1894   -52  -28  -22  -44  -30  -40  -23  -23  -27  -22  -25  -20    -30 -31    -37  -32  -29  -25  1894
1895   -40  -42  -32  -21  -27  -21  -16  -17  -12  -10  -16  -13    -22 -23    -34  -27  -18  -13  1895
1896   -21  -12  -26  -30  -15  -11   -2   -5   -7    7   -4   -4    -11 -11    -16  -23   -6   -1  1896
1897   -14  -16  -13   -2   -1  -11   -2   -9   -8  -13  -17  -20    -11  -9    -12   -5   -7  -13  1897
1898    -2  -30  -51  -31  -30  -19  -22  -27  -21  -34  -38  -23    -27 -27    -17  -37  -23  -31  1898
1899   -16  -38  -36  -20  -23  -31  -16   -8   -5   -4   13  -26    -17 -17    -26  -26  -18    1  1899
1900   -36   -5    1   -9   -8   -9  -13   -9   -5   10   -7   -7     -8 -10    -22   -6  -10   -1  1900
1901   -21  -11    6   -2  -15  -12  -14  -20  -22  -29  -18  -27    -15 -14    -13   -4  -15  -23  1901
1902   -17   -6  -27  -28  -32  -30  -28  -30  -29  -29  -35  -42    -28 -26    -17  -29  -29  -31  1902
1903   -23   -5  -22  -41  -39  -42  -35  -45  -50  -48  -43  -51    -37 -36    -23  -34  -41  -47  1903
1904   -63  -57  -48  -50  -51  -48  -50  -48  -55  -38  -17  -33    -47 -48    -57  -50  -49  -37  1904
1905   -34  -59  -21  -33  -29  -28  -26  -20  -19  -24   -6  -13    -26 -28    -42  -28  -25  -17  1905
1906   -28  -29  -18   -5  -25  -19  -23  -20  -28  -20  -37  -14    -22 -22    -23  -16  -20  -28  1906
1907   -43  -51  -27  -37  -46  -42  -35  -34  -34  -22  -46  -46    -38 -36    -36  -36  -37  -34  1907
1908   -44  -32  -55  -44  -37  -38  -35  -46  -35  -44  -51  -49    -43 -42    -41  -45  -40  -43  1908
1909   -72  -46  -54  -59  -54  -52  -45  -33  -39  -39  -31  -56    -48 -48    -56  -56  -43  -36  1909
1910   -42  -41  -50  -42  -33  -38  -34  -36  -39  -41  -55  -67    -43 -42    -46  -42  -36  -45  1910
1911   -62  -57  -61  -53  -51  -50  -41  -44  -41  -26  -21  -21    -44 -48    -62  -55  -45  -29  1911
1912   -25  -14  -38  -17  -21  -24  -42  -54  -58  -57  -39  -43    -36 -34    -20  -25  -40  -51  1912
1913   -40  -45  -42  -39  -44  -45  -36  -34  -35  -32  -20   -2    -34 -38    -42  -42  -38  -29  1913
1914     5  -10  -24  -30  -21  -26  -23  -16  -17   -3  -15   -4    -15 -15     -2  -25  -22  -12  1914
1915   -20   -4  -10    6   -6  -22  -13  -22  -21  -24  -13  -22    -14 -13     -9   -3  -19  -19  1915
1916   -12  -14  -28  -31  -35  -49  -37  -29  -37  -34  -46  -82    -36 -31    -16  -31  -38  -39  1916
1917   -58  -63  -64  -55  -55  -44  -25  -23  -23  -44  -34  -68    -46 -47    -68  -58  -31  -34  1917
1918   -48  -34  -25  -44  -43  -36  -31  -32  -17   -6  -12  -30    -30 -33    -50  -37  -33  -12  1918
1919   -21  -24  -21  -13  -28  -36  -29  -33  -25  -20  -41  -42    -28 -27    -25  -21  -33  -29  1919
1920   -24  -26  -12  -24  -27  -36  -30  -26  -22  -26  -27  -46    -27 -27    -31  -21  -31  -25  1920
1921    -4  -17  -23  -30  -30  -27  -15  -26  -19   -3  -14  -18    -19 -21    -23  -28  -23  -12  1921
1922   -33  -44  -15  -23  -34  -31  -28  -33  -36  -33  -15  -19    -29 -28    -32  -24  -30  -28  1922
1923   -28  -39  -34  -41  -33  -29  -31  -33  -31  -14   -3   -5    -27 -28    -28  -36  -31  -16  1923
1924   -23  -24   -8  -32  -18  -26  -29  -36  -32  -35  -21  -43    -27 -24    -17  -19  -30  -30  1924
1925   -38  -40  -28  -26  -29  -33  -27  -20  -20  -17    4    6    -22 -26    -41  -28  -26  -11  1925
1926    20    2   11  -13  -24  -26  -28  -13  -14  -11   -7  -30    -11  -8      9   -8  -22  -11  1926
1927   -27  -18  -39  -31  -25  -28  -19  -24  -13   -1   -6  -33    -22 -22    -25  -31  -24   -7  1927
1928    -2   -9  -25  -28  -30  -39  -19  -22  -21  -19   -9  -17    -20 -21    -15  -28  -27  -17  1928
1929   -45  -59  -32  -42  -38  -44  -37  -33  -26  -14  -11  -54    -36 -33    -40  -37  -38  -17  1929
1930   -29  -27  -11  -25  -24  -22  -21  -15  -16  -12   17   -5    -16 -20    -37  -20  -19   -3  1930
1931   -10  -21  -10  -23  -19   -8   -3   -4   -7    5   -6   -5     -9  -9    -12  -17   -5   -3  1931
1932    16  -17  -18   -6  -17  -29  -24  -22  -11   -9  -27  -26    -16 -14     -2  -13  -25  -15  1932
1933   -23  -29  -29  -24  -29  -34  -21  -24  -29  -25  -31  -45    -29 -27    -26  -27  -26  -28  1933
1934   -21   -2  -29  -31   -9  -15  -11  -12  -15   -6    3   -2    -13 -16    -23  -23  -13   -6  1934
1935   -33   14  -14  -37  -29  -27  -22  -22  -22   -6  -26  -17    -20 -19     -7  -27  -23  -18  1935
1936   -27  -38  -21  -20  -16  -22   -9  -13   -9   -3    2   -1    -15 -16    -27  -19  -15   -3  1936
1937    -7    3  -20  -16   -5   -5   -3    1    9    9    9   -7     -3  -2     -1  -14   -2    9  1937
1938     8    3   10    6   -9  -17   -9   -5    1   15    8  -12      0   0      2    2  -10    8  1938
1939    -5   -6  -17   -9   -4   -7   -6   -6   -7   -3    7   43     -2  -6     -8  -10   -6   -1  1939
1940     0    8    9   17   11   12   13    7   15   11   17   32     13  14     17   13   10   14  1940
1941    18   31   10   16   17   13   22   15    2   35   22   22     19  19     27   14   16   20  1941
1942    30    3    5   10   11    5    1   -4   -3    2   10   13      7   7     18    9    1    3  1942
1943    -1   17   -3   11    7   -5    8    1    5   23   20   23      9   8     10    5    1   16  1943
1944    36   24   26   19   19   15   18   18   28   26   11    3     20  22     28   21   17   22  1944
1945    10    0    6   19    6    0    3   26   20   18    7   -7      9  10      5   10   10   15  1945
1946    15    3    1    5   -7  -21  -12  -20   -8   -7   -5  -31     -7  -5      4    0  -18   -7  1946
1947    -6   -8    6    6   -2   -2   -4   -7  -12    7    3  -13     -3  -4    -15    4   -4   -1  1947
1948     7  -14  -24  -12    0   -5  -11  -12  -14   -5  -12  -24    -11 -10     -7  -12   -9  -11  1948
1949     7  -14   -2  -11  -10  -27  -13  -13  -14   -6  -10  -18    -11 -11    -10   -8  -18  -10  1949
1950   -26  -27   -8  -21  -11   -5   -8  -16  -11  -20  -34  -21    -17 -17    -23  -13  -10  -22  1950
1951   -34  -41  -20  -14    0   -7   -1    6    5    8   -1   16     -7 -10    -32  -11   -1    4  1951
1952    11   11   -8    3   -3   -3    4    5    7    0  -13   -2      1   3     13   -2    2   -2  1952
1953     7   15   11   19   11   12    1    5    4    8   -3    5      8   7      7   14    6    3  1953
1954   -24  -10  -15  -14  -20  -18  -19  -17  -10   -2    8  -18    -13 -11    -10  -16  -18   -1  1954
1955    13  -16  -32  -22  -20  -14  -11    2  -11   -5  -25  -28    -14 -13     -7  -25   -8  -14  1955
1956   -13  -24  -21  -27  -29  -16   -9  -26  -19  -23  -15   -6    -19 -21    -22  -26  -17  -19  1956
1957    -9   -3   -5    0    9   16    2   15    9    1    8   15      5   3     -6    1   11    6  1957
